1 North Carolina 28 361 841 1202 42.93
2 Bowling Green 28 346 825 1171 41.82
3 Duke 28 384 784 1168 41.71
4 Michigan St. 28 316 849 1165 41.61
5 Houston 27 330 792 1122 41.56
6 Bethune-Cookman 28 382 773 1155 41.25
7 Stony Brook 28 356 798 1154 41.21
8 Winthrop 28 308 845 1153 41.18
9 Arizona St. 27 342 767 1109 41.07
10 UCLA 28 328 818 1146 40.93
11 ETSU 30 402 822 1224 40.80
12 Buffalo 28 355 783 1138 40.64
13 Portland St. 27 430 655 1085 40.19
14 Fla. Atlantic 28 329 796 1125 40.18
15 Toledo 28 297 828 1125 40.18
16 Utah St. 29 316 847 1163 40.10
17 Jacksonville St. 29 354 807 1161 40.03
18 UC Irvine 28 327 792 1119 39.96
19 Yale 23 209 706 915 39.78
20 Maryland 28 308 805 1113 39.75
21 Georgetown 27 292 778 1070 39.63
22 Gonzaga 29 290 857 1147 39.55
23 Old Dominion 28 336 768 1104 39.43
24 South Fla. 27 375 689 1064 39.41
25 Houston Baptist 25 363 622 985 39.40
26 Georgia 27 321 742 1063 39.37
27 Saint Louis 28 373 725 1098 39.21
28 West Virginia 28 395 702 1097 39.18
29 Texas Southern 27 334 723 1057 39.15
30 Belmont 27 243 811 1054 39.04
31 Rutgers 27 346 707 1053 39.00
32 Hampton 27 302 749 1051 38.93
33 UTSA 27 288 763 1051 38.93
34 Kentucky 28 336 751 1087 38.82
35 Grambling 27 263 782 1045 38.70
36 UNLV 27 363 681 1044 38.67
37 Central Mich. 28 358 724 1082 38.64
38 High Point 28 335 747 1082 38.64
39 NC State 28 376 703 1079 38.54
40 Oklahoma 28 277 801 1078 38.50
41 Sacred Heart 29 330 786 1116 38.48
42 Lamar University 28 386 691 1077 38.46
43 Rice 28 276 799 1075 38.39
44 South Dakota St. 30 225 922 1147 38.23
45 Arkansas St. 27 343 689 1032 38.22
46 North Florida 31 350 833 1183 38.16
47 LSU 28 372 696 1068 38.14
48 Texas St. 28 334 734 1068 38.14
49 Eastern Ky. 29 353 753 1106 38.14
50 Charleston So. 27 354 675 1029 38.11
51 Savannah St. 27 327 701 1028 38.07
52 Youngstown St. 30 407 735 1142 38.07
53 Long Beach St. 29 336 767 1103 38.03
54 Saint Francis (PA) 27 356 669 1025 37.96
55 UC Santa Barbara 27 326 699 1025 37.96
56 Texas A&M 27 315 710 1025 37.96
57 Memphis 29 362 738 1100 37.93
58 Middle Tenn. 28 334 728 1062 37.93
59 Tennessee 27 276 748 1024 37.93
60 Marquette 27 252 771 1023 37.89
61 New Mexico St. 28 367 693 1060 37.86
62 Wake Forest 27 349 673 1022 37.85
63 Lipscomb 28 260 799 1059 37.82
64 UT Arlington 28 323 736 1059 37.82
65 Navy 27 329 692 1021 37.81
66 Ball St. 28 262 795 1057 37.75
67 DePaul 25 288 654 942 37.68
68 IUPUI 29 365 727 1092 37.66
69 Minnesota 28 343 710 1053 37.61
70 Murray St. 27 298 717 1015 37.59
71 Baylor 27 362 652 1014 37.56
72 Nevada 27 246 767 1013 37.52
73 LIU Brooklyn 28 291 757 1048 37.43
74 Alabama 28 308 740 1048 37.43
75 Florida St. 28 327 720 1047 37.39
76 UTEP 26 257 715 972 37.38
77 N.C. Central 29 340 744 1084 37.38
78 Kansas 28 278 766 1044 37.29
79 Ohio 27 300 706 1006 37.26
80 North Texas 28 305 738 1043 37.25
81 Samford 29 274 806 1080 37.24
82 Wichita St. 26 318 650 968 37.23
83 Southern Utah 26 236 732 968 37.23
84 Towson 29 355 724 1079 37.21
85 UCF 26 255 712 967 37.19
86 The Citadel 27 290 714 1004 37.19
87 Pittsburgh 27 321 683 1004 37.19
88 Louisiana Tech 28 313 727 1040 37.14
89 Delaware St. 26 317 648 965 37.12
90 San Jose St. 26 288 675 963 37.04
91 Western Ky. 28 279 758 1037 37.04
92 Austin Peay 29 337 737 1074 37.03
93 Howard 29 352 721 1073 37.00
94 Jacksonville 30 319 791 1110 37.00
95 Miami (OH) 28 302 734 1036 37.00
96 Colorado 27 272 727 999 37.00
97 Northern Ky. 29 311 761 1072 36.97
98 Louisville 28 274 761 1035 36.96
99 Rider 28 329 706 1035 36.96
100 Wagner 27 334 664 998 36.96
101 UNCW 30 355 753 1108 36.93
102 UAB 28 300 734 1034 36.93
103 CSU Bakersfield 27 392 605 997 36.93
104 Coastal Caro. 26 286 674 960 36.92
105 TCU 28 304 729 1033 36.89
106 Brown 26 230 729 959 36.88
107 Rhode Island 27 324 671 995 36.85
108 Boston College 26 275 683 958 36.85
109 Western Mich. 28 292 739 1031 36.82
110 Weber St. 27 192 801 993 36.78
111 San Francisco 28 285 744 1029 36.75
112 Cal St. Fullerton 27 230 762 992 36.74
113 VCU 28 298 729 1027 36.68
114 Notre Dame 28 316 711 1027 36.68
115 SMU 26 335 618 953 36.65
116 New Mexico 26 273 680 953 36.65
117 Akron 28 278 747 1025 36.61
118 South Carolina 28 338 687 1025 36.61
119 Purdue 27 329 659 988 36.59
120 Tulane 26 253 697 950 36.54
121 Grand Canyon 26 279 671 950 36.54
122 Kennesaw St. 30 358 738 1096 36.53
123 Indiana 28 265 757 1022 36.50
124 Providence 29 352 706 1058 36.48
125 UConn 27 334 651 985 36.48
126 Auburn 27 350 635 985 36.48
127 Morgan St. 26 344 604 948 36.46
128 Seattle U 28 281 739 1020 36.43
129 Green Bay 29 283 773 1056 36.41
130 St. Francis Brooklyn 29 312 744 1056 36.41
131 A&M-Corpus Christi 27 303 680 983 36.41
132 Southern California 28 277 741 1018 36.36
133 Princeton 23 231 605 836 36.35
134 Eastern Mich. 28 353 664 1017 36.32
135 Ga. Southern 28 265 752 1017 36.32
136 Quinnipiac 27 287 693 980 36.30
137 Northwestern St. 27 310 670 980 36.30
138 Duquesne 27 328 651 979 36.26
139 Alabama St. 25 313 592 905 36.20
140 Penn St. 27 320 656 976 36.15
141 Mississippi Val. 29 335 713 1048 36.14
142 Vanderbilt 27 262 713 975 36.11
143 Nebraska 28 296 715 1011 36.11
144 Tennessee Tech 29 315 732 1047 36.10
145 Sam Houston St. 28 297 712 1009 36.04
146 Furman 28 286 723 1009 36.04
147 CSUN 28 310 699 1009 36.04
148 Oregon St. 26 261 675 936 36.00
149 Oral Roberts 30 317 762 1079 35.97
150 Xavier 28 288 719 1007 35.96
151 San Diego St. 28 292 715 1007 35.96
152 Southern Miss. 27 233 738 971 35.96
153 Stetson 30 349 729 1078 35.93
154 Niagara 29 299 742 1041 35.90
155 Iowa 28 284 721 1005 35.89
156 Fresno St. 27 255 714 969 35.89
157 Penn 26 230 703 933 35.88
158 Harvard 23 202 623 825 35.87
159 Colgate 29 277 762 1039 35.83
160 Milwaukee 29 281 758 1039 35.83
161 Coppin St. 29 273 766 1039 35.83
162 Stanford 27 270 696 966 35.78
163 Cincinnati 27 329 637 966 35.78
164 Utah Valley 28 236 765 1001 35.75
165 Morehead St. 29 328 708 1036 35.72
166 New Orleans 26 314 614 928 35.69
167 Western Ill. 27 226 737 963 35.67
168 Lehigh 27 195 767 962 35.63
169 Western Caro. 30 288 780 1068 35.60
170 Longwood 30 260 808 1068 35.60
171 Drake 29 247 785 1032 35.59
172 Eastern Ill. 29 302 729 1031 35.55
173 Central Conn. St. 29 315 716 1031 35.55
174 Columbia 24 229 624 853 35.54
175 FIU 28 301 694 995 35.54
176 Kent St. 28 337 658 995 35.54
177 Louisiana 27 307 652 959 35.52
178 Virginia 26 242 681 923 35.50
179 Appalachian St. 27 266 692 958 35.48
180 Jackson St. 27 291 665 956 35.41
181 Norfolk St. 28 259 732 991 35.39
182 Mississippi St. 28 318 673 991 35.39
183 East Carolina 26 279 641 920 35.38
184 Drexel 29 285 741 1026 35.38
185 Utah 27 275 680 955 35.37
186 Syracuse 28 303 687 990 35.36
187 Villanova 28 295 695 990 35.36
188 Alcorn 27 310 644 954 35.33
189 Northern Colo. 27 264 689 953 35.30
190 Iowa St. 28 260 728 988 35.29
191 Bucknell 28 255 732 987 35.25
192 Cleveland St. 30 301 756 1057 35.23
193 UMass Lowell 29 271 750 1021 35.21
194 Central Ark. 27 248 702 950 35.19
195 Radford 28 278 707 985 35.18
196 Michigan 28 240 745 985 35.18
197 Wofford 28 302 681 983 35.11
198 Saint Mary's (CA) 29 294 724 1018 35.10
199 Army West Point 29 241 777 1018 35.10
200 Clemson 27 237 710 947 35.07
201 BYU 30 254 798 1052 35.07
202 Vermont 28 258 723 981 35.04
203 Northern Ill. 28 259 722 981 35.04
204 Southeast Mo. St. 29 275 741 1016 35.03
205 SIUE 28 328 651 979 34.96
206 Ole Miss 27 279 665 944 34.96
207 VMI 28 258 720 978 34.93
208 Missouri 27 293 649 942 34.89
209 Wright St. 29 324 687 1011 34.86
210 Davidson 27 202 739 941 34.85
211 Seton Hall 27 265 676 941 34.85
212 Monmouth 30 313 732 1045 34.83
213 Arizona 28 290 684 974 34.79
214 Texas 27 274 665 939 34.78
215 UT Martin 27 314 625 939 34.78
216 Dayton 28 231 742 973 34.75
217 Sacramento St. 25 258 610 868 34.72
218 Ohio St. 28 260 712 972 34.71
219 Purdue Fort Wayne 29 256 750 1006 34.69
220 Iona 28 253 718 971 34.68
221 Eastern Wash. 27 241 695 936 34.67
222 Tennessee St. 28 301 669 970 34.64
223 St. Bonaventure 27 269 665 934 34.59
224 McNeese 27 282 652 934 34.59
225 Colorado St. 27 227 707 934 34.59
226 Wisconsin 28 219 749 968 34.57
227 Bradley 29 274 727 1001 34.52
228 Tulsa 28 208 758 966 34.50
229 UNC Greensboro 29 325 675 1000 34.48
230 Little Rock 27 221 709 930 34.44
231 George Mason 27 245 685 930 34.44
232 Creighton 28 238 726 964 34.43
233 UIC 29 242 756 998 34.41
234 NJIT 30 222 810 1032 34.40
235 Mercer 28 280 683 963 34.39
236 Denver 28 252 710 962 34.36
237 Troy 26 244 649 893 34.35
238 New Hampshire 26 245 648 893 34.35
239 Illinois St. 29 256 740 996 34.34
240 James Madison 29 307 689 996 34.34
241 Temple 28 272 689 961 34.32
242 Chattanooga 29 255 740 995 34.31
243 Gardner-Webb 29 236 758 994 34.28
244 Arkansas 28 292 666 958 34.21
245 Oklahoma St. 27 259 664 923 34.19
246 William & Mary 28 233 724 957 34.18
247 Presbyterian 29 264 727 991 34.17
248 Saint Joseph's 27 216 706 922 34.15
249 Dartmouth 26 225 661 886 34.08
250 Texas Tech 27 240 680 920 34.07
251 Northwestern 27 244 676 920 34.07
252 Albany (NY) 28 271 683 954 34.07
253 San Diego 29 235 753 988 34.07
254 Nicholls St. 27 249 670 919 34.04
255 Evansville 29 187 799 986 34.00
256 Northern Ariz. 27 253 665 918 34.00
257 Georgia Tech 28 233 719 952 34.00
258 UMBC 29 254 731 985 33.97
259 Massachusetts 28 281 670 951 33.96
260 Southeastern La. 28 291 659 950 33.93
261 Montana 27 251 665 916 33.93
262 American 27 219 696 915 33.89
263 Florida 27 294 621 915 33.89
264 La.-Monroe 26 245 635 880 33.85
265 Cal Poly 25 250 595 845 33.80
266 Oregon 27 255 657 912 33.78
267 Montana St. 26 239 639 878 33.77
268 Robert Morris 29 306 673 979 33.76
269 Elon 29 239 739 978 33.72
270 Kansas St. 28 268 675 943 33.68
271 St. John's (NY) 28 214 729 943 33.68
272 Hawaii 27 239 670 909 33.67
273 Dakota 27 213 696 909 33.67
274 Boston U. 29 283 693 976 33.66
275 SFA 26 276 599 875 33.65
276 La Salle 26 272 603 875 33.65
277 Prairie View 27 315 593 908 33.63
278 Washington St. 27 228 680 908 33.63
279 Santa Clara 28 220 720 940 33.57
280 Delaware 29 231 742 973 33.55
281 Valparaiso 29 256 717 973 33.55
282 Air Force 27 216 689 905 33.52
283 Hofstra 29 244 728 972 33.52
284 Lafayette 27 216 688 904 33.48
285 Mt. St. Mary's 29 276 694 970 33.45
286 Miami (FL) 27 242 660 902 33.41
287 UTRGV 30 313 689 1002 33.40
288 Southern Ill. 29 266 701 967 33.34
289 South Carolina St. 30 343 657 1000 33.33
290 Fordham 27 260 640 900 33.33
291 Ark.-Pine Bluff 28 277 654 931 33.25
292 George Washington 28 221 709 930 33.21
293 Liberty 30 243 753 996 33.20
294 FGCU 30 253 742 995 33.17
295 South Alabama 27 240 655 895 33.15
296 Illinois 27 300 591 891 33.00
297 Idaho 27 220 671 891 33.00
298 USC Upstate 29 280 675 955 32.93
299 Fairleigh Dickinson 28 265 656 921 32.89
300 Detroit Mercy 28 305 616 921 32.89
301 Butler 28 255 666 921 32.89
302 Loyola Marymount 28 269 650 919 32.82
303 Abilene Christian 27 270 616 886 32.81
304 UNI 29 233 717 950 32.76
305 Idaho St. 25 231 587 818 32.72
306 Pacific 29 258 689 947 32.66
307 Indiana St. 28 234 680 914 32.64
308 Washington 27 266 615 881 32.63
309 Binghamton 28 211 702 913 32.61
310 Marshall 27 243 637 880 32.59
311 Saint Peter's 28 268 644 912 32.57
312 Portland 29 211 733 944 32.55
313 Georgia St. 28 227 683 910 32.50
314 Cornell 26 178 666 844 32.46
315 Virginia Tech 28 258 649 907 32.39
316 Omaha 27 221 650 871 32.26
317 Col. of Charleston 30 243 721 964 32.13
318 Bryant 27 259 608 867 32.11
319 Pepperdine 29 254 677 931 32.10
320 Campbell 28 231 666 897 32.04
321 Alabama A&M 28 277 620 897 32.04
322 Maine 28 248 648 896 32.00
323 N.C. A&T 27 235 629 864 32.00
324 Canisius 28 269 625 894 31.93
325 Hartford 28 235 657 892 31.86
326 Florida A&M 29 268 654 922 31.79
327 UC Riverside 28 247 641 888 31.71
328 Loyola Maryland 29 273 645 918 31.66
329 North Dakota St. 28 185 701 886 31.64
330 Fairfield 28 254 631 885 31.61
331 Missouri St. 29 248 668 916 31.59
332 Northeastern 28 195 689 884 31.57
333 Chicago St. 28 233 651 884 31.57
334 Oakland 29 249 665 914 31.52
335 Boise St. 27 209 640 849 31.44
336 South Dakota 27 195 652 847 31.37
337 Marist 28 214 655 869 31.04
338 Southern U. 28 288 574 862 30.79
339 Manhattan 28 283 579 862 30.79
340 UMKC 28 235 623 858 30.64
341 UC Davis 26 191 602 793 30.50
342 Charlotte 26 177 616 793 30.50
343 UMES 29 233 648 881 30.38
344 Wyoming 27 144 670 814 30.15
345 UNC Asheville 28 268 576 844 30.14
346 Loyola Chicago 29 159 699 858 29.59
347 Siena 29 227 619 846 29.17
348 Richmond 27 154 631 785 29.07
349 California 27 222 558 780 28.89
350 Holy Cross 29 201 614 815 28.10
351 Incarnate Word 27 186 549 735 27.22
