1 Gonzaga 29 27-2 2630 90.7 1892 65.2 25.4
2 Duke 28 24-4 2380 85.0 1883 67.3 17.8
3 Wofford 28 24-4 2324 83.0 1845 65.9 17.1
4 Virginia 26 24-2 1858 71.5 1416 54.5 17.0
5 Murray St. 27 23-4 2264 83.9 1827 67.7 16.2
6 Tennessee 27 24-3 2257 83.6 1835 68.0 15.6
7 Nevada 27 25-2 2193 81.2 1778 65.9 15.4
8 Houston 27 26-1 2031 75.2 1628 60.3 14.9
9 Lipscomb 28 22-6 2351 84.0 1934 69.1 14.9
10 Texas Tech 27 22-5 1950 72.2 1548 57.3 14.9
11 Buffalo 28 25-3 2391 85.4 1977 70.6 14.8
12 Michigan St. 28 23-5 2243 80.1 1841 65.8 14.4
13 North Carolina 28 23-5 2445 87.3 2046 73.1 14.3
14 Liberty 30 24-6 2242 74.7 1826 60.9 13.9
15 Belmont 27 23-4 2366 87.6 2013 74.6 13.1
16 Kentucky 28 24-4 2183 78.0 1818 64.9 13.0
17 Virginia Tech 28 22-6 2086 74.5 1723 61.5 13.0
18 Utah St. 29 23-6 2269 78.2 1899 65.5 12.8
19 Auburn 27 18-9 2174 80.5 1833 67.9 12.6
20 Furman 28 22-6 2184 78.0 1835 65.5 12.5
21 Michigan 28 24-4 1969 70.3 1634 58.4 12.0
22 New Mexico St. 28 24-4 2161 77.2 1827 65.3 11.9
23 Hofstra 29 23-6 2441 84.2 2099 72.4 11.8
24 South Dakota St. 30 23-7 2554 85.1 2201 73.4 11.8
25 Cincinnati 27 23-4 1974 73.1 1660 61.5 11.6
26 ETSU 30 22-8 2392 79.7 2050 68.3 11.4
27 Iowa St. 28 20-8 2192 78.3 1876 67.0 11.3
28 NC State 28 20-8 2305 82.3 1997 71.3 11.0
29 Northern Ky. 29 21-8 2299 79.3 1984 68.4 10.9
30 Austin Peay 29 21-8 2387 82.3 2073 71.5 10.8
31 Abilene Christian 27 21-6 2019 74.8 1727 64.0 10.8
32 Marquette 27 23-4 2131 78.9 1853 68.6 10.3
33 Vermont 28 22-6 2086 74.5 1803 64.4 10.1
34 Texas St. 28 22-6 2070 73.9 1789 63.9 10.0
35 San Francisco 28 21-7 2127 76.0 1847 66.0 10.0
36 UCF 26 20-6 1917 73.7 1665 64.0 9.7
37 VCU 28 22-6 2001 71.5 1731 61.8 9.6
38 Toledo 28 22-6 2177 77.8 1915 68.4 9.4
39 UNC Greensboro 29 24-5 2210 76.2 1943 67.0 9.2
40 North Texas 28 20-8 1986 70.9 1735 62.0 9.0
41 Saint Mary's (CA) 29 19-10 2157 74.4 1898 65.4 8.9
42 Purdue 27 20-7 2067 76.6 1826 67.6 8.9
43 Jacksonville St. 29 21-8 2226 76.8 1970 67.9 8.8
44 LSU 28 23-5 2298 82.1 2055 73.4 8.7
45 Florida St. 28 22-6 2134 76.2 1893 67.6 8.6
46 Fresno St. 27 19-8 2044 75.7 1812 67.1 8.6
47 UC Santa Barbara 27 19-8 1989 73.7 1757 65.1 8.6
48 Grand Canyon 26 16-10 1962 75.5 1740 66.9 8.5
49 Southern Miss. 27 17-10 1974 73.1 1749 64.8 8.3
50 Montana 27 20-7 2094 77.6 1872 69.3 8.2
51 Mississippi St. 28 21-7 2175 77.7 1945 69.5 8.2
52 Wisconsin 28 19-9 1959 70.0 1729 61.8 8.2
53 Yale 23 18-5 1863 81.0 1677 72.9 8.1
54 Maryland 28 21-7 2030 72.5 1806 64.5 8.0
55 Lamar University 28 16-12 2170 77.5 1955 69.8 7.7
56 Ga. Southern 28 18-10 2340 83.6 2129 76.0 7.5
57 Louisville 28 18-10 2113 75.5 1902 67.9 7.5
58 Villanova 28 20-8 2097 74.9 1886 67.4 7.5
59 Central Mich. 28 20-8 2323 83.0 2113 75.5 7.5
60 Washington 27 22-5 1919 71.1 1717 63.6 7.5
61 Gardner-Webb 29 18-11 2288 78.9 2072 71.4 7.4
62 Northern Colo. 27 18-9 2082 77.1 1881 69.7 7.4
63 Nebraska 28 15-13 2013 71.9 1805 64.5 7.4
64 Bowling Green 28 19-9 2208 78.9 2009 71.8 7.1
65 South Fla. 27 18-9 1972 73.0 1782 66.0 7.0
66 Dayton 28 19-9 2060 73.6 1863 66.5 7.0
67 Utah Valley 28 20-8 2181 77.9 1988 71.0 6.9
68 UC Irvine 28 23-5 1993 71.2 1800 64.3 6.9
69 Old Dominion 28 22-6 1903 68.0 1711 61.1 6.9
70 Iowa 28 21-7 2240 80.0 2050 73.2 6.8
71 Weber St. 27 16-11 2182 80.8 2003 74.2 6.6
72 Baylor 27 18-9 1949 72.2 1773 65.7 6.5
73 Presbyterian 29 17-12 2284 78.8 2096 72.3 6.5
74 Wright St. 29 18-11 2157 74.4 1971 68.0 6.4
75 Kansas St. 28 21-7 1845 65.9 1666 59.5 6.4
76 Ohio St. 28 18-10 1981 70.8 1806 64.5 6.3
77 Ole Miss 27 19-8 2063 76.4 1895 70.2 6.2
78 Akron 28 15-13 1940 69.3 1766 63.1 6.2
79 Radford 28 19-9 2094 74.8 1923 68.7 6.1
80 Stony Brook 28 22-6 2017 72.0 1846 65.9 6.1
81 Davidson 27 20-7 1931 71.5 1767 65.4 6.1
82 Winthrop 28 18-10 2361 84.3 2191 78.3 6.1
83 Kansas 28 21-7 2126 75.9 1956 69.9 6.1
84 Arizona St. 27 19-8 2135 79.1 1973 73.1 6.0
85 Sam Houston St. 28 19-9 2105 75.2 1938 69.2 6.0
86 Louisiana Tech 28 18-10 2046 73.1 1880 67.1 5.9
87 Campbell 28 17-11 2117 75.6 1953 69.8 5.9
88 N.C. Central 29 15-14 2113 72.9 1947 67.1 5.7
89 Col. of Charleston 30 22-8 2243 74.8 2073 69.1 5.7
90 Colorado 27 16-11 2007 74.3 1855 68.7 5.6
91 Memphis 29 18-11 2386 82.3 2223 76.7 5.6
92 Brown 26 17-9 1939 74.6 1793 69.0 5.6
93 Charleston So. 27 13-14 2088 77.3 1939 71.8 5.5
94 Purdue Fort Wayne 29 17-12 2424 83.6 2268 78.2 5.4
95 Texas 27 15-12 1931 71.5 1787 66.2 5.3
96 TCU 28 18-10 2124 75.9 1976 70.6 5.3
97 Clemson 27 16-11 1879 69.6 1737 64.3 5.3
98 St. John's (NY) 28 20-8 2198 78.5 2051 73.3 5.3
99 Florida 27 16-11 1856 68.7 1715 63.5 5.2
100 Syracuse 28 18-10 1969 70.3 1825 65.2 5.1
101 Loyola Chicago 29 17-12 1915 66.0 1766 60.9 5.1
102 Drake 29 21-8 2201 75.9 2055 70.9 5.0
103 Loyola Marymount 28 18-10 1883 67.3 1744 62.3 5.0
104 San Diego St. 28 18-10 2041 72.9 1903 68.0 4.9
105 Oregon St. 26 17-9 1913 73.6 1786 68.7 4.9
106 Seattle U 28 15-13 2064 73.7 1928 68.9 4.9
107 Creighton 28 15-13 2226 79.5 2091 74.7 4.8
108 Colgate 29 19-10 2168 74.8 2033 70.1 4.7
109 UMBC 29 18-11 1976 68.1 1841 63.5 4.7
110 Coastal Caro. 26 13-13 1988 76.5 1867 71.8 4.7
111 Oregon 27 15-12 1891 70.0 1769 65.5 4.5
112 Northeastern 28 18-10 2114 75.5 1989 71.0 4.5
113 Penn 26 16-10 1939 74.6 1824 70.2 4.4
114 Ball St. 28 14-14 2153 76.9 2030 72.5 4.4
115 Southern California 28 15-13 2136 76.3 2013 71.9 4.4
116 Hampton 27 12-15 2195 81.3 2077 76.9 4.4
117 Norfolk St. 28 17-11 2071 74.0 1954 69.8 4.2
118 UConn 27 13-14 2035 75.4 1923 71.2 4.1
119 UTSA 27 15-12 2136 79.1 2030 75.2 3.9
120 Arizona 28 16-12 2019 72.1 1910 68.2 3.9
121 Hawaii 27 16-11 1955 72.4 1851 68.6 3.9
122 IUPUI 29 16-13 2230 76.9 2119 73.1 3.8
123 San Diego 29 17-12 2096 72.3 1986 68.5 3.8
124 Bucknell 28 18-10 2165 77.3 2059 73.5 3.8
125 Temple 28 20-8 2096 74.9 1995 71.3 3.6
126 Samford 29 16-13 2268 78.2 2164 74.6 3.6
127 La.-Monroe 26 14-12 2025 77.9 1934 74.4 3.5
128 New Orleans 26 16-10 1873 72.0 1783 68.6 3.5
129 FIU 28 17-11 2352 84.0 2256 80.6 3.4
130 Pittsburgh 27 12-15 1951 72.3 1860 68.9 3.4
131 Boise St. 27 11-16 1934 71.6 1843 68.3 3.4
132 Fla. Atlantic 28 16-12 2010 71.8 1916 68.4 3.4
133 BYU 30 18-12 2383 79.4 2283 76.1 3.3
134 Butler 28 15-13 2046 73.1 1953 69.8 3.3
135 American 27 14-13 1953 72.3 1864 69.0 3.3
136 Lehigh 27 18-9 2176 80.6 2088 77.3 3.3
137 NJIT 30 20-10 2121 70.7 2025 67.5 3.2
138 Miami (OH) 28 15-13 2024 72.3 1935 69.1 3.2
139 Indiana 28 14-14 1970 70.4 1881 67.2 3.2
140 UAB 28 17-11 1977 70.6 1890 67.5 3.1
141 Georgetown 27 16-11 2186 81.0 2103 77.9 3.1
142 Oklahoma 28 17-11 1980 70.7 1895 67.7 3.0
143 Dartmouth 26 11-15 1916 73.7 1838 70.7 3.0
144 Duquesne 27 18-9 1996 73.9 1918 71.0 2.9
145 Georgia St. 28 19-9 2162 77.2 2082 74.4 2.9
146 SMU 26 13-13 1895 72.9 1822 70.1 2.8
147 Kent St. 28 20-8 2108 75.3 2033 72.6 2.7
148 Northern Ill. 28 13-15 2057 73.5 1987 71.0 2.5
149 Omaha 27 18-9 2152 79.7 2085 77.2 2.5
150 Missouri St. 29 16-13 2029 70.0 1958 67.5 2.4
151 Fairleigh Dickinson 28 15-13 2119 75.7 2051 73.3 2.4
152 Minnesota 28 17-11 2011 71.8 1943 69.4 2.4
153 Saint Louis 28 17-11 1867 66.7 1799 64.3 2.4
154 Portland St. 27 13-14 2106 78.0 2041 75.6 2.4
155 Grambling 27 13-14 1921 71.1 1860 68.9 2.3
156 St. Bonaventure 27 13-14 1817 67.3 1756 65.0 2.3
157 Seton Hall 27 16-11 1991 73.7 1931 71.5 2.2
158 Miami (FL) 27 12-15 1959 72.6 1899 70.3 2.2
159 Cal St. Fullerton 27 13-14 1972 73.0 1915 70.9 2.1
160 Arkansas 28 14-14 2125 75.9 2066 73.8 2.1
161 Bethune-Cookman 28 13-15 2065 73.8 2006 71.6 2.1
162 Sacramento St. 25 12-13 1765 70.6 1713 68.5 2.1
163 Harvard 23 14-9 1656 72.0 1609 70.0 2.0
164 Robert Morris 29 15-14 2017 69.6 1959 67.6 2.0
165 Mercer 28 11-17 2056 73.4 2003 71.5 1.9
166 Alabama 28 17-11 2053 73.3 2001 71.5 1.9
167 UNLV 27 15-12 1998 74.0 1949 72.2 1.8
168 UMass Lowell 29 14-15 2259 77.9 2207 76.1 1.8
169 Rider 28 15-13 2146 76.6 2096 74.9 1.8
170 Hartford 28 15-13 2073 74.0 2023 72.3 1.8
171 George Mason 27 15-12 1931 71.5 1884 69.8 1.7
172 UCLA 28 15-13 2187 78.1 2139 76.4 1.7
173 DePaul 25 13-12 1888 75.5 1846 73.8 1.7
174 Western Ky. 28 16-12 2011 71.8 1964 70.1 1.7
175 CSU Bakersfield 27 16-11 1954 72.4 1910 70.7 1.6
176 Providence 29 16-13 2061 71.1 2014 69.4 1.6
177 Quinnipiac 27 15-12 1986 73.6 1943 72.0 1.6
178 Northwestern 27 12-15 1788 66.2 1745 64.6 1.6
179 Princeton 23 15-8 1614 70.2 1578 68.6 1.6
180 Pepperdine 29 13-16 2208 76.1 2166 74.7 1.4
181 North Dakota 27 11-16 1993 73.8 1955 72.4 1.4
182 South Alabama 27 13-14 1984 73.5 1949 72.2 1.3
183 Southern Ill. 29 15-14 1966 67.8 1929 66.5 1.3
184 Valparaiso 29 14-15 1969 67.9 1933 66.7 1.2
185 Bradley 29 16-13 1958 67.5 1923 66.3 1.2
186 Utah 27 15-12 2051 76.0 2019 74.8 1.2
187 St. Francis Brooklyn 29 16-13 2063 71.1 2031 70.0 1.1
188 High Point 28 15-13 1913 68.3 1884 67.3 1.0
189 Louisiana 27 16-11 2213 82.0 2186 81.0 1.0
190 Southern Utah 26 14-12 1998 76.8 1972 75.8 1.0
191 Green Bay 29 15-14 2365 81.6 2337 80.6 1.0
192 Rhode Island 27 13-14 1839 68.1 1814 67.2 0.9
193 Xavier 28 15-13 2011 71.8 1986 70.9 0.9
194 Texas Southern 27 16-11 2153 79.7 2129 78.9 0.9
195 Notre Dame 28 13-15 1959 70.0 1935 69.1 0.9
196 Sacred Heart 29 13-16 2315 79.8 2291 79.0 0.8
197 Appalachian St. 27 9-18 2169 80.3 2147 79.5 0.8
198 Saint Francis (PA) 27 15-12 2063 76.4 2041 75.6 0.8
199 Howard 29 14-15 2284 78.8 2263 78.0 0.7
200 Tulsa 28 16-12 2005 71.6 1989 71.0 0.6
201 UIC 29 15-14 2162 74.6 2146 74.0 0.6
202 North Dakota St. 28 14-14 2047 73.1 2032 72.6 0.5
203 A&M-Corpus Christi 27 11-16 1800 66.7 1787 66.2 0.5
204 Fordham 27 11-16 1830 67.8 1818 67.3 0.4
205 Richmond 27 12-15 1917 71.0 1906 70.6 0.4
206 Longwood 30 15-15 2110 70.3 2098 69.9 0.4
207 Penn St. 27 11-16 1884 69.8 1876 69.5 0.3
208 The Citadel 27 12-15 2308 85.5 2303 85.3 0.2
209 Boston U. 29 13-16 2087 72.0 2082 71.8 0.2
210 UTRGV 30 16-14 2082 69.4 2078 69.3 0.1
211 Colorado St. 27 11-16 2039 75.5 2036 75.4 0.1
212 Delaware 29 16-13 2059 71.0 2056 70.9 0.1
213 Eastern Mich. 28 13-15 1959 70.0 1958 69.9 0.0
214 UNI 29 14-15 1931 66.6 1930 66.6 0.0
215 Jacksonville 30 12-18 2253 75.1 2253 75.1 0.0
216 South Carolina 28 14-14 2063 73.7 2065 73.8 -0.1
217 Little Rock 27 10-17 2031 75.2 2033 75.3 -0.1
218 Wichita St. 26 13-13 1831 70.4 1834 70.5 -0.1
219 Houston Baptist 25 10-15 2038 81.5 2041 81.6 -0.1
220 Iona 28 13-15 2146 76.6 2153 76.9 -0.3
221 Georgia Tech 28 12-16 1825 65.2 1832 65.4 -0.3
222 Columbia 24 7-17 1745 72.7 1751 73.0 -0.3
223 Stanford 27 14-13 1965 72.8 1972 73.0 -0.3
224 Oakland 29 13-16 2223 76.7 2232 77.0 -0.3
225 LIU Brooklyn 28 13-15 2073 74.0 2083 74.4 -0.4
226 Drexel 29 13-16 2221 76.6 2232 77.0 -0.4
227 SFA 26 14-12 1837 70.7 1848 71.1 -0.4
228 Wagner 27 13-14 1796 66.5 1808 67.0 -0.4
229 New Mexico 26 11-15 1969 75.7 1981 76.2 -0.5
230 Texas A&M 27 12-15 1931 71.5 1945 72.0 -0.5
231 Eastern Ky. 29 12-17 2403 82.9 2419 83.4 -0.6
232 Boston College 26 13-13 1869 71.9 1884 72.5 -0.6
233 Washington St. 27 11-16 2085 77.2 2102 77.9 -0.6
234 N.C. A&T 27 15-12 1896 70.2 1913 70.9 -0.6
235 South Dakota 27 11-16 1895 70.2 1912 70.8 -0.6
236 Rutgers 27 13-14 1820 67.4 1837 68.0 -0.6
237 Illinois 27 10-17 1995 73.9 2018 74.7 -0.9
238 Western Ill. 27 9-18 1934 71.6 1960 72.6 -1.0
239 Holy Cross 29 15-14 1947 67.1 1980 68.3 -1.1
240 Marist 28 12-16 1910 68.2 1942 69.4 -1.1
241 Cornell 26 13-13 1806 69.5 1840 70.8 -1.3
242 Siena 29 15-14 1853 63.9 1891 65.2 -1.3
243 Southeastern La. 28 14-14 1866 66.6 1903 68.0 -1.3
244 Prairie View 27 15-12 1953 72.3 1989 73.7 -1.3
245 Troy 26 11-15 1931 74.3 1966 75.6 -1.3
246 Georgia 27 10-17 1992 73.8 2030 75.2 -1.4
247 Vanderbilt 27 9-18 1909 70.7 1947 72.1 -1.4
248 Army West Point 29 12-17 2058 71.0 2099 72.4 -1.4
249 North Florida 31 15-16 2346 75.7 2394 77.2 -1.5
250 Illinois St. 29 15-14 2002 69.0 2047 70.6 -1.6
251 Nicholls St. 27 12-15 1963 72.7 2015 74.6 -1.9
252 Santa Clara 28 15-13 1922 68.6 1976 70.6 -1.9
253 Missouri 27 12-15 1798 66.6 1851 68.6 -2.0
254 Indiana St. 28 14-14 1952 69.7 2007 71.7 -2.0
255 Chattanooga 29 12-17 2100 72.4 2157 74.4 -2.0
256 Long Beach St. 29 11-18 2177 75.1 2237 77.1 -2.1
257 James Madison 29 13-16 2057 70.9 2117 73.0 -2.1
258 UT Arlington 28 13-15 1918 68.5 1976 70.6 -2.1
259 Montana St. 26 12-14 2022 77.8 2081 80.0 -2.3
260 William & Mary 28 12-16 2105 75.2 2169 77.5 -2.3
261 Albany (NY) 28 11-17 1885 67.3 1952 69.7 -2.4
262 Massachusetts 28 10-18 1964 70.1 2033 72.6 -2.5
263 Evansville 29 10-19 2018 69.6 2091 72.1 -2.5
264 UC Riverside 28 9-19 1866 66.6 1938 69.2 -2.6
265 FGCU 30 13-17 2125 70.8 2203 73.4 -2.6
266 Pacific 29 13-16 1946 67.1 2022 69.7 -2.6
267 UC Davis 26 10-16 1714 65.9 1783 68.6 -2.7
268 Alabama St. 25 11-14 1689 67.6 1757 70.3 -2.7
269 Saint Joseph's 27 11-16 1890 70.0 1966 72.8 -2.8
270 Morehead St. 29 11-18 2148 74.1 2232 77.0 -2.9
271 Arkansas St. 27 12-15 2002 74.1 2081 77.1 -2.9
272 CSUN 28 11-17 2147 76.7 2235 79.8 -3.1
273 Youngstown St. 30 12-18 2251 75.0 2349 78.3 -3.3
274 Air Force 27 12-15 1831 67.8 1920 71.1 -3.3
275 UT Martin 27 10-17 2039 75.5 2129 78.9 -3.3
276 Fairfield 28 8-20 1908 68.1 2004 71.6 -3.4
277 Towson 29 10-19 1966 67.8 2067 71.3 -3.5
278 Niagara 29 12-17 2095 72.2 2200 75.9 -3.6
279 Marshall 27 14-13 2147 79.5 2245 83.1 -3.6
280 Rice 28 11-17 2086 74.5 2190 78.2 -3.7
281 UMKC 28 10-18 1955 69.8 2059 73.5 -3.7
282 Alcorn 27 10-17 1747 64.7 1850 68.5 -3.8
283 McNeese 27 8-19 1892 70.1 2000 74.1 -4.0
284 Florida A&M 29 11-18 1821 62.8 1938 66.8 -4.0
285 Oklahoma St. 27 10-17 1809 67.0 1918 71.0 -4.0
286 West Virginia 28 11-17 2015 72.0 2129 76.0 -4.1
287 Central Conn. St. 29 11-18 2092 72.1 2213 76.3 -4.2
288 Eastern Wash. 27 11-16 1936 71.7 2050 75.9 -4.2
289 Canisius 28 13-15 1970 70.4 2090 74.6 -4.3
290 UTEP 26 8-18 1701 65.4 1816 69.8 -4.4
291 UNCW 30 9-21 2300 76.7 2434 81.1 -4.5
292 La Salle 26 8-18 1782 68.5 1899 73.0 -4.5
293 Ohio 27 12-15 1895 70.2 2020 74.8 -4.6
294 Tennessee St. 28 9-19 2022 72.2 2152 76.9 -4.6
295 Northern Ariz. 27 9-18 1976 73.2 2102 77.9 -4.7
296 East Carolina 26 10-16 1760 67.7 1882 72.4 -4.7
297 Lafayette 27 10-17 1983 73.4 2110 78.1 -4.7
298 Eastern Ill. 29 14-15 2087 72.0 2227 76.8 -4.8
299 Cleveland St. 30 9-21 2211 73.7 2357 78.6 -4.9
300 Idaho St. 25 9-16 1846 73.8 1971 78.8 -5.0
301 Loyola Maryland 29 10-19 2108 72.7 2254 77.7 -5.0
302 Central Ark. 27 10-17 1937 71.7 2075 76.9 -5.1
303 Morgan St. 26 8-18 1870 71.9 2004 77.1 -5.2
304 Oral Roberts 30 10-20 2157 71.9 2317 77.2 -5.3
305 Milwaukee 29 9-20 2029 70.0 2185 75.3 -5.4
306 Western Mich. 28 8-20 1989 71.0 2140 76.4 -5.4
307 Southeast Mo. St. 29 9-20 2061 71.1 2220 76.6 -5.5
308 Jackson St. 27 10-17 1663 61.6 1816 67.3 -5.7
309 Detroit Mercy 28 10-18 2033 72.6 2200 78.6 -6.0
310 USC Upstate 29 6-23 1973 68.0 2147 74.0 -6.0
311 Middle Tenn. 28 9-19 1902 67.9 2076 74.1 -6.2
312 Manhattan 28 9-19 1595 57.0 1769 63.2 -6.2
313 Saint Peter's 28 8-20 1748 62.4 1926 68.8 -6.4
314 Mt. St. Mary's 29 8-21 1960 67.6 2150 74.1 -6.6
315 Binghamton 28 8-20 1806 64.5 1991 71.1 -6.6
316 VMI 28 8-20 2100 75.0 2286 81.6 -6.6
317 South Carolina St. 30 7-23 2070 69.0 2273 75.8 -6.8
318 Wake Forest 27 11-16 1867 69.1 2050 75.9 -6.8
319 Ark.-Pine Bluff 28 11-17 1839 65.7 2030 72.5 -6.8
320 Elon 29 9-20 2021 69.7 2228 76.8 -7.1
321 Northwestern St. 27 10-17 1805 66.9 1998 74.0 -7.1
322 Monmouth 30 10-20 1917 63.9 2132 71.1 -7.2
323 Bryant 27 10-17 1894 70.1 2092 77.5 -7.3
324 Navy 27 9-18 1788 66.2 1987 73.6 -7.4
325 Cal Poly 25 6-19 1616 64.6 1801 72.0 -7.4
326 Western Caro. 30 7-23 2147 71.6 2386 79.5 -8.0
327 George Washington 28 8-20 1793 64.0 2019 72.1 -8.1
328 Maine 28 5-23 1757 62.8 1985 70.9 -8.1
329 SIUE 28 9-19 2049 73.2 2283 81.5 -8.4
330 Tennessee Tech 29 7-22 1973 68.0 2217 76.4 -8.4
331 Charlotte 26 6-20 1560 60.0 1785 68.7 -8.7
332 Portland 29 7-22 1921 66.2 2179 75.1 -8.9
333 Denver 28 7-21 1936 69.1 2187 78.1 -9.0
334 Idaho 27 4-23 1817 67.3 2065 76.5 -9.2
335 Stetson 30 7-23 2069 69.0 2346 78.2 -9.2
336 Incarnate Word 27 6-21 1749 64.8 2014 74.6 -9.8
337 New Hampshire 26 3-23 1567 60.3 1823 70.1 -9.8
338 Southern U. 28 5-23 1804 64.4 2084 74.4 -10.0
339 California 27 5-22 1854 68.7 2130 78.9 -10.2
340 Tulane 26 4-22 1732 66.6 2011 77.3 -10.7
341 Wyoming 27 6-21 1736 64.3 2030 75.2 -10.9
342 Alabama A&M 28 5-23 1707 61.0 2015 72.0 -11.0
343 Savannah St. 27 10-17 2069 76.6 2392 88.6 -12.0
344 Coppin St. 29 6-23 1837 63.3 2213 76.3 -13.0
345 UNC Asheville 28 4-24 1676 59.9 2051 73.3 -13.4
346 Kennesaw St. 30 5-25 1876 62.5 2287 76.2 -13.7
347 Mississippi Val. 29 5-24 1866 64.3 2273 78.4 -14.0
348 Delaware St. 26 5-21 1640 63.1 2009 77.3 -14.2
349 San Jose St. 26 3-23 1689 65.0 2079 80.0 -15.0
350 UMES 29 5-24 1631 56.2 2091 72.1 -15.9
351 Chicago St. 28 3-25 1725 61.6 2374 84.8 -23.2
